Matriz 1
2 6 2 4 1 8 6 2 0 5 6 7 5 1 7 6 7 7 2 1 0 7 6 9 4 8 8 6 6 6 5 4 7 6 7 5 2 3 4 6 
1 1 2 6 9 3 8 0 0 9 8 5 8 0 5 5 5 5 8 9 7 4 1 4 5 2 9 6 0 5 7 2 1 2 4 8 6 2 1 2 
2 6 5 1 2 4 1 3 8 5 9 7 0 6 8 4 6 3 4 1 7 7 4 4 9 9 5 7 8 3 5 0 0 8 2 4 7 0 5 8 
4 5 5 1 9 3 4 9 9 4 0 3 1 3 9 2 2 9 4 7 6 0 6 0 0 8 2 9 8 1 9 2 5 3 3 6 2 5 0 5 
1 2 0 0 8 7 8 1 5 4 8 0 0 1 2 3 5 0 0 7 5 0 7 8 0 3 6 2 3 9 4 3 1 8 6 3 3 7 0 3 
1 3 2 8 1 4 4 9 3 2 7 4 4 1 9 8 3 2 9 4 2 0 8 6 8 6 6 8 5 8 8 9 9 1 6 3 1 7 4 5 
5 4 2 6 3 8 2 6 1 5 9 8 3 2 4 6 0 4 4 4 9 3 2 6 3 5 2 5 5 9 6 0 7 1 0 5 2 3 2 2 
4 9 5 4 3 1 1 0 1 6 1 3 0 2 9 9 6 9 5 4 2 2 2 8 7 9 6 7 9 2 8 3 2 9 1 9 5 2 7 5 
8 8 9 5 8 1 3 4 1 6 2 9 3 7 5 9 1 9 6 3 4 5 0 6 8 6 1 1 0 9 6 0 0 0 6 5 9 1 7 1 
1 7 8 3 9 7 4 7 0 5 2 0 5 0 0 9 6 0 7 4 7 8 2 0 2 1 7 7 5 9 5 1 7 5 8 7 4 8 0 9 
5 0 3 2 8 6 2 5 2 0 4 9 4 7 0 0 0 2 9 4 8 6 1 4 6 7 2 4 8 3 4 5 8 2 6 0 1 9 9 2 
8 3 0 0 4 8 1 7 6 0 0 1 8 1 3 9 7 5 1 8 2 6 3 8 7 3 2 5 4 3 2 2 7 9 4 7 9 6 9 3 
6 7 3 2 1 9 1 5 2 9 6 9 2 9 2 1 3 7 3 9 9 8 4 1 2 7 9 8 4 6 4 4 7 7 5 6 9 9 2 5 
2 8 3 4 8 3 9 3 3 8 0 6 2 8 5 2 9 3 9 1 0 1 6 9 8 9 3 1 3 2 4 0 5 8 4 4 8 8 4 5 
6 6 3 7 8 7 3 7 1 8 9 4 2 3 2 6 6 8 9 8 4 1 4 0 8 7 5 8 6 8 3 6 8 2 3 8 9 9 2 6 
2 3 7 6 4 3 3 8 8 1 5 3 1 4 5 7 6 6 1 0 2 6 6 9 9 0 3 2 7 0 9 2 0 2 5 1 7 7 4 0 
9 1 5 7 4 7 6 3 1 0 0 8 2 6 4 3 1 6 2 1 2 4 1 9 6 1 4 8 7 5 3 5 7 2 6 9 5 0 4 3 
2 0 8 5 5 1 2 6 1 0 6 9 6 4 3 2 4 4 3 2 1 1 4 5 9 5 8 3 1 6 7 2 4 8 8 9 8 6 8 1 
1 9 5 7 2 3 5 3 4 0 8 7 9 1 8 1 1 1 5 5 4 9 5 4 8 7 3 5 1 6 9 1 8 8 4 3 3 4 7 3 
4 4 8 4 6 8 0 9 7 4 5 5 2 1 0 7 0 4 3 7 1 6 0 2 7 2 8 4 7 4 4 5 7 5 0 2 1 4 8 2 
8 1 3 1 4 3 2 7 9 5 6 4 8 4 8 6 2 6 6 8 6 2 1 3 3 4 7 2 0 7 6 8 5 5 6 3 9 5 6 6 
0 2 3 8 4 5 2 0 2 1 3 4 1 8 0 0 6 1 0 5 6 4 0 8 3 2 7 4 9 7 8 4 3 8 8 7 9 7 9 4 
9 1 5 6 9 0 4 6 4 0 0 9 2 1 5 6 5 3 5 9 7 4 6 3 6 4 5 0 3 1 0 6 7 9 1 8 2 5 4 2 
4 0 6 0 4 0 3 2 8 4 4 2 7 8 8 4 0 4 5 8 8 5 9 5 1 0 3 5 4 6 5 5 5 4 6 3 5 9 8 5 
5 9 2 3 0 1 9 6 8 8 7 2 2 8 7 4 2 2 3 6 6 3 6 2 4 2 4 7 7 1 2 8 3 1 0 2 7 4 1 9 
2 0 7 5 4 2 3 0 6 5 3 3 9 3 6 7 7 7 4 2 0 6 8 4 2 1 1 6 6 0 6 3 6 0 6 2 9 3 7 5 
8 7 5 2 8 7 4 2 4 5 0 8 8 1 2 8 7 3 2 7 0 0 7 6 0 4 1 3 6 8 3 0 4 6 1 0 0 5 6 0 
5 8 7 9 8 6 6 6 2 9 0 7 2 9 9 6 4 5 0 1 4 4 5 2 8 6 1 1 0 4 0 6 1 0 9 1 0 7 1 8 
1 9 9 0 3 9 8 2 2 2 6 9 4 5 9 8 9 7 2 8 1 0 9 1 8 8 9 5 6 0 7 0 8 7 4 7 7 8 2 3 
5 1 0 0 1 8 1 7 5 3 3 8 9 4 0 6 0 2 6 3 4 9 2 8 4 1 1 3 1 5 6 9 3 2 5 8 0 7 8 4 
7 2 8 3 4 2 4 0 4 8 1 9 7 7 3 0 8 3 2 7 9 9 3 2 2 7 8 8 6 3 8 2 9 6 5 8 4 9 0 9 
3 0 6 1 5 3 1 3 4 2 4 6 3 2 9 8 9 8 0 1 7 4 4 1 0 2 9 6 9 7 9 5 9 9 5 8 9 3 1 5 
1 7 1 4 4 2 0 8 2 0 0 4 2 4 4 8 1 8 0 6 7 2 7 2 7 0 4 8 5 3 6 9 8 6 3 5 3 3 7 5 
1 6 3 5 9 1 1 6 9 9 7 8 3 5 0 1 8 6 3 3 1 1 6 5 2 3 3 4 4 3 3 7 1 9 8 1 0 7 4 5 
0 0 1 4 7 3 3 9 7 2 1 8 0 1 9 3 8 7 2 8 2 7 5 3 4 1 3 1 8 7 1 1 9 3 1 5 7 2 8 9 
2 3 6 0 9 4 3 5 5 5 2 3 5 5 2 1 1 4 8 5 7 3 9 4 6 3 4 1 6 0 4 7 7 8 1 5 6 2 8 2 
9 6 5 8 7 2 1 1 7 5 4 0 3 8 0 9 9 8 6 8 6 6 6 7 9 4 7 7 1 5 8 5 3 4 3 6 9 0 4 1 
4 8 3 6 2 2 7 0 3 3 1 0 4 6 2 4 6 1 1 8 1 6 0 3 5 3 0 9 8 7 7 0 8 8 3 5 9 6 4 6 
2 0 7 1 9 9 2 3 4 1 9 3 5 1 4 3 1 2 4 7 4 3 7 8 9 9 0 3 5 9 4 9 7 5 8 7 0 0 8 0 
2 0 6 2 9 4 7 0 0 9 3 1 9 4 4 7 9 0 4 9 7 9 0 4 1 1 3 0 7 0 2 7 9 8 4 0 5 0 3 8 

Matriz 2
2 6 9 0 4 2 4 3 2 9 1 4 8 1 5 9 2 1 4 3 0 6 0 6 6 0 5 5 0 3 3 5 1 1 0 7 4 8 2 0 
6 9 9 0 3 5 7 5 8 8 4 0 1 5 9 6 8 7 4 7 2 7 6 4 3 5 9 0 8 6 2 3 0 1 2 3 5 8 6 8 
6 1 2 8 8 0 6 4 7 2 5 6 9 4 0 0 0 3 7 7 7 8 2 4 9 9 6 7 5 8 8 3 3 5 0 0 1 3 5 4 
9 1 4 5 4 4 3 7 8 1 8 9 4 6 3 5 0 9 0 4 0 3 2 7 4 0 2 5 4 7 5 3 3 0 0 0 8 8 5 0 
6 5 4 8 3 8 1 4 6 8 2 1 7 1 9 5 6 7 2 0 4 4 4 2 4 1 5 8 3 7 5 1 3 3 7 3 6 1 5 2 
6 9 5 7 9 7 7 7 9 1 8 0 2 4 7 3 2 7 0 2 1 8 9 3 8 7 1 2 1 6 7 2 4 0 8 8 5 9 5 4 
1 4 2 9 5 4 7 3 9 0 8 0 7 9 7 0 0 5 2 9 2 1 1 5 2 2 6 8 7 0 5 6 6 3 8 0 8 6 0 5 
9 6 4 1 4 1 3 1 3 1 1 6 7 2 6 3 8 3 6 0 7 5 4 5 5 1 2 8 1 0 3 6 5 9 6 5 3 0 1 7 
4 4 7 0 9 8 4 7 6 4 7 7 2 2 5 3 9 0 4 7 4 9 2 2 4 2 8 6 9 7 0 7 9 8 3 2 3 9 7 5 
0 4 8 0 2 7 9 6 7 6 2 1 1 2 4 3 8 4 3 8 3 3 5 2 5 6 1 5 9 7 9 1 3 6 1 5 5 6 0 4 
2 5 9 8 1 4 9 2 3 2 7 1 9 4 8 7 0 6 6 0 2 0 3 5 5 3 8 7 3 8 6 6 0 0 9 6 6 5 3 8 
2 1 9 8 5 8 4 0 1 2 2 4 0 9 3 2 2 8 7 6 7 6 3 9 0 9 4 2 6 0 3 9 7 9 0 8 3 2 4 8 
8 8 3 9 6 3 3 8 6 8 6 7 5 3 4 8 8 8 1 5 1 0 5 9 0 0 6 1 9 6 7 9 3 1 8 6 6 6 0 6 
4 1 6 7 0 4 9 7 2 0 4 0 5 4 3 0 1 2 0 7 6 2 6 9 7 9 5 5 9 8 4 3 4 7 1 6 8 4 7 5 
6 9 7 6 9 2 7 1 7 7 4 7 2 9 0 8 2 1 5 9 7 9 0 8 0 9 1 7 3 8 4 1 6 7 2 9 9 6 1 2 
3 7 1 5 7 7 1 2 2 3 0 6 2 3 0 7 0 5 5 7 3 5 6 6 1 6 3 4 7 2 7 7 0 3 2 9 7 4 6 5 
2 2 5 2 7 6 1 6 6 7 3 0 5 6 8 3 6 6 3 8 0 0 8 2 1 8 2 6 4 1 0 6 3 1 5 0 4 8 9 0 
6 6 9 8 2 0 8 9 1 9 0 4 2 0 7 6 2 4 9 9 6 4 8 6 6 7 7 6 8 4 0 3 7 8 2 2 0 3 3 9 
6 9 2 6 5 0 5 0 3 5 9 6 5 0 2 0 0 6 9 7 8 2 3 2 4 6 4 4 6 9 8 2 5 5 5 0 2 1 8 6 
2 7 9 9 0 7 2 9 9 3 9 0 0 1 6 5 2 8 8 9 8 1 7 7 9 2 7 2 8 0 3 5 9 1 3 3 1 3 7 7 
4 8 6 1 7 0 8 2 3 1 7 9 9 9 8 8 8 5 9 0 1 1 0 3 8 1 9 8 8 0 5 8 6 1 6 4 6 3 0 1 
2 8 6 3 5 0 5 8 7 0 5 5 0 9 4 3 2 0 9 4 3 0 6 2 2 7 7 8 2 1 9 6 7 3 6 6 3 9 7 2 
8 6 5 6 5 7 4 7 4 2 9 1 8 1 7 5 7 3 0 4 9 4 0 2 4 7 5 8 3 9 7 6 9 2 0 1 2 0 8 1 
8 0 0 9 3 4 8 0 1 1 4 8 7 1 0 2 4 6 4 1 0 3 8 9 9 7 5 2 3 2 0 8 9 2 4 6 8 4 4 2 
7 8 7 7 9 8 6 6 2 6 1 2 1 2 5 2 6 7 5 5 7 6 1 6 3 3 4 6 5 6 5 4 2 6 7 6 7 3 7 5 
1 6 7 6 6 6 2 7 4 6 9 0 7 0 4 8 7 4 2 0 4 5 6 5 0 6 6 0 2 4 9 6 2 2 3 8 8 0 8 9 
8 9 6 3 4 6 0 0 5 0 7 1 2 7 8 2 6 4 5 2 4 4 3 1 1 0 2 1 5 8 6 2 4 6 3 1 1 7 4 8 
4 8 1 5 7 4 8 0 5 4 9 0 5 8 0 6 6 3 6 0 7 0 3 0 1 8 3 3 0 9 2 7 3 1 1 5 8 6 0 1 
4 4 2 0 4 5 7 9 3 4 4 9 7 5 3 0 7 8 7 5 0 1 3 4 3 6 7 3 2 7 8 6 7 0 7 7 7 9 9 2 
3 4 6 9 0 0 8 1 6 1 0 3 9 2 7 5 7 2 2 9 2 5 8 8 1 8 2 1 7 1 3 8 1 9 6 9 9 4 5 2 
6 0 7 9 0 0 1 7 3 9 8 3 6 5 2 2 4 6 6 6 1 3 9 7 0 5 8 7 6 9 5 8 7 1 3 4 9 9 1 5 
8 3 9 4 6 5 7 0 1 2 2 0 6 3 1 5 1 7 1 7 6 8 9 0 5 4 1 2 8 8 8 0 4 9 0 3 2 5 4 1 
0 0 3 2 2 5 8 1 7 9 0 9 8 5 1 6 5 4 5 4 9 9 0 1 4 7 5 8 4 1 1 9 8 8 2 2 7 2 5 6 
6 5 4 0 8 7 1 1 2 4 6 2 3 2 2 1 7 3 3 4 5 4 0 7 6 1 1 8 1 6 4 4 5 6 3 1 4 8 2 9 
0 5 6 7 9 3 2 6 8 7 5 3 5 4 8 1 6 9 3 2 3 7 6 4 7 8 1 3 3 7 3 2 8 1 2 5 2 5 5 3 
3 7 4 5 0 3 5 2 8 8 3 0 5 6 6 7 4 8 7 0 1 0 8 4 1 9 8 2 8 0 1 8 4 5 3 0 0 5 6 5 
7 6 9 1 8 1 1 8 9 0 3 1 2 2 0 2 7 5 8 3 2 9 0 3 4 4 6 1 5 3 6 7 5 1 5 1 4 5 9 4 
7 3 7 6 1 0 7 2 6 8 9 1 2 0 9 8 4 2 8 6 0 1 8 5 9 8 5 6 8 2 1 4 3 9 6 5 4 1 1 1 
1 3 9 7 8 7 9 0 1 8 9 0 1 1 9 7 3 0 3 4 6 6 6 1 1 0 4 7 4 0 4 5 3 1 4 2 0 9 8 9 
2 4 3 2 3 3 5 6 7 8 7 3 3 8 7 6 9 5 4 4 5 6 2 0 4 5 4 2 5 1 0 1 8 6 8 4 1 6 7 7 

Resultado 2
830 978 1029 1006 922 820 992 770 957 860 940 603 842 825 892 821 852 961 836 878 711 798 891 862 658 1062 831 824 881 871 849 973 913 736 737 856 945 1020 889 903 
774 967 960 1001 756 690 819 702 941 743 898 515 754 739 843 746 716 959 861 800 618 567 767 788 617 799 820 775 953 804 827 867 781 608 729 660 838 857 708 782 
794 997 1066 827 977 799 957 796 863 771 956 587 783 806 837 746 908 834 915 805 735 786 701 800 652 965 908 860 859 903 852 935 859 702 743 823 904 999 943 906 
784 904 943 806 774 665 844 767 879 876 884 585 819 666 804 771 852 793 864 789 744 735 704 719 671 889 874 849 848 843 698 840 902 728 603 686 808 791 734 779 
625 709 771 761 616 639 689 553 767 539 782 347 719 512 795 583 692 705 577 619 448 535 658 627 644 680 641 659 699 639 592 706 696 518 640 580 713 707 618 588 
958 986 1029 1064 921 785 1019 681 931 864 1004 703 951 757 856 875 838 985 874 911 842 854 852 865 699 1010 824 894 949 969 876 985 918 840 736 858 1009 897 882 856 
703 825 893 851 668 614 909 603 773 664 762 623 800 667 748 767 684 812 795 676 573 636 704 795 628 822 794 733 786 667 726 911 711 613 654 796 875 771 671 732 
845 970 1017 877 888 787 919 753 846 944 884 580 751 709 766 808 830 906 921 892 707 777 831 840 633 984 875 794 903 884 805 894 825 692 617 752 888 998 918 901 
794 908 1080 1016 837 658 914 759 851 818 732 598 774 635 813 762 716 867 885 893 690 829 813 935 681 939 881 798 966 770 823 902 740 722 618 812 871 843 868 853 
812 1012 883 863 840 660 863 735 1068 824 907 607 870 789 938 771 901 936 909 798 654 707 827 700 734 950 834 843 912 791 840 902 810 709 810 724 845 913 839 778 
710 789 932 899 778 657 911 626 715 740 875 590 795 599 814 688 693 802 811 673 686 667 723 721 715 803 799 804 778 719 779 844 806 673 696 755 786 738 788 751 
819 975 980 838 935 782 833 759 883 868 827 580 718 590 835 834 867 827 849 774 661 779 811 803 720 826 827 816 827 654 696 989 857 662 741 761 793 952 888 823 
890 1119 1298 959 905 815 1108 1792 1083 863 1062 573 873 1712 1036 0 980 984 1054 928 823 847 929 902 1808 1107 998 902 0 910 931 2096 991 875 764 899 929 1039 943 998 
851 1756 1004 0 886 824 915 782 945 879 931 519 1596 654 0 686 877 913 793 911 1440 793 0 856 724 987 839 867 945 854 1586 880 0 773 718 1380 929 0 936 872 
0 1163 1257 1066 930 874 1123 904 1128 1008 1027 619 996 770 1080 995 966 1125 1059 982 854 883 1916 897 0 1095 1005 954 1102 985 969 2090 915 884 0 879 1013 991 1042 1964 
862 0 889 831 1680 633 0 740 743 661 775 614 712 602 723 596 692 761 796 956 0 703 707 770 676 1644 789 860 0 804 705 1664 800 0 629 663 795 848 786 661 
1374 0 850 880 792 652 898 627 797 693 711 599 786 1444 677 0 641 843 751 705 621 735 701 777 649 1768 740 0 748 715 676 860 809 656 570 1416 810 0 765 674 
0 0 0 0 0 0 0 0 0 0 0 0 0 0 0 0 0 0 0 0 0 0 0 0 0 0 0 0 0 0 0 0 0 0 0 0 0 0 0 0 
848 959 1055 1015 905 733 944 743 951 842 1025 1294 812 0 851 824 822 887 863 849 1520 778 0 893 629 1768 922 0 895 861 842 1006 869 693 739 773 946 959 1658 922 
776 0 931 793 1582 748 839 0 778 696 778 576 684 589 777 679 705 769 811 747 705 758 733 683 680 726 760 794 788 751 777 809 736 715 643 699 1428 863 0 833 
875 1016 1178 955 929 735 935 753 936 880 921 649 847 681 893 1782 878 0 927 929 783 900 818 871 774 860 880 872 1038 859 834 1906 919 0 739 823 852 956 840 1854 
774 736 0 869 768 1362 851 718 0 683 1826 511 0 702 826 633 783 878 778 722 529 657 820 771 1430 849 0 737 1690 739 0 878 840 1196 680 0 813 1944 865 0 
790 864 949 1614 828 0 755 1220 795 0 785 613 770 647 798 771 709 830 1664 773 739 0 623 771 1386 747 792 0 1666 652 727 866 1670 754 0 621 711 758 812 753 
809 893 1018 952 1670 661 0 728 877 796 968 635 1676 665 833 0 807 755 872 895 769 740 738 798 785 910 885 907 986 842 781 917 949 768 1330 738 806 867 803 761 
769 1820 996 712 785 704 969 738 1768 677 878 0 756 750 786 1476 797 0 797 1728 693 0 628 694 1384 816 0 789 934 824 765 809 1640 704 0 696 1664 895 768 0 
737 776 1740 858 857 0 815 795 847 788 825 606 714 643 675 1382 708 0 762 828 656 703 683 679 592 878 778 803 832 819 754 845 842 579 593 624 748 874 823 681 
0 0 0 0 0 0 0 0 0 0 0 0 0 0 0 0 0 0 0 0 0 0 0 0 0 0 0 0 0 0 0 0 0 0 0 0 0 0 0 0 
794 869 1016 1227 0 739 933 778 922 785 780 1088 743 724 0 766 1500 857 0 890 695 835 761 820 742 948 1434 830 919 0 788 702 763 789 598 809 1726 812 0 711 
1892 1106 2368 1113 0 945 999 919 1108 974 1076 558 875 864 995 867 905 1064 999 1040 1758 912 877 965 778 1167 1010 958 2110 990 0 1061 980 819 779 833 980 1013 1014 1061 
727 812 899 875 737 621 871 576 705 708 783 542 678 595 756 723 672 770 752 699 595 638 853 735 1276 810 742 705 1700 628 0 871 778 703 653 763 690 816 701 1458 
816 0 1128 954 891 778 2004 900 1087 961 2120 666 0 933 948 872 1960 971 0 935 757 749 848 872 1600 1090 0 938 1058 878 1750 1070 1030 833 738 809 937 1045 896 877 
1678 929 0 854 912 710 870 744 1858 857 819 0 895 848 804 806 892 889 953 868 710 820 772 799 651 1022 859 901 911 857 796 2004 931 802 0 759 882 996 855 817 
1632 853 928 777 774 701 849 631 1458 763 744 0 703 1314 756 0 777 806 1570 750 0 739 709 1376 633 787 762 1582 839 0 658 1664 811 0 553 657 738 796 755 769 
775 752 993 1620 776 0 843 702 1562 789 0 486 743 1158 892 0 838 843 706 800 670 691 782 725 909 0 738 1632 875 861 0 766 813 750 602 644 728 836 776 1570 
717 818 0 792 795 725 1670 721 0 748 741 1246 678 0 823 711 808 766 843 835 750 768 1350 704 596 0 1528 844 808 0 635 875 933 777 699 670 722 833 906 783 
1654 867 0 815 1668 745 0 693 780 749 857 553 793 568 787 666 796 810 1578 752 770 739 1310 675 0 760 833 1730 868 0 827 823 865 1396 651 582 711 786 835 813 
966 1056 1175 1009 952 852 961 931 1960 886 0 627 914 1436 928 868 885 992 1902 958 766 0 910 899 819 957 1008 942 1069 994 903 1037 907 715 693 754 1926 1069 1042 0 
686 1602 888 0 739 1320 849 0 947 783 1702 508 717 0 731 688 792 807 784 839 576 644 713 1518 629 852 0 744 1676 700 0 906 774 578 666 655 888 1922 823 726 
0 906 991 1082 900 816 965 699 848 1588 893 0 945 592 853 789 770 927 753 737 764 805 840 1614 740 0 833 841 1658 858 0 925 849 676 734 807 866 1656 894 819 
0 0 0 0 0 0 0 0 0 0 0 0 0 0 0 0 0 0 0 0 0 0 0 0 0 0 0 0 0 0 0 0 0 0 0 0 0 0 0 0 

